11
14534532353
14534532353
14534532353
14534532353
14534532353
14534532353
14534532353
14534532353
14534532353
14534532353
14534532353
14534532353
14534532353
14534532353
14534532353
14534532353
14534532353
14534532353
14534532353
14534532353
14534532353
14534532353
14534532353
14534532353
14534532353
14534532353
14534532353
14534532353
14534532353
14534532353
14534532353
14534532353
14534532353
14534532353
14534532353
14534532353
14534532353
14534532353
14534532353
14534532353
14534532353
14534532353
14534532353
14534532353
14534532353
14534532353
14534532353
14534532353
14534532353
14534532353
14534532353
14534532353
14534532353
14534532353
14534532353
14534532353
14534532353
14534532353
14534532353
14534532353
14534532353
14534532353
14534532353
14534532353
14534532353
14534532353
14534532353
14534532353
14534532353
14534532353
14534532353
14534532353
14534532353
14534532353
14534532353
14534532353
14534532353
14534532353
14534532353
14534532353
14534532353
14534532353
14534532353
14534532353
14534532353
14534532353
14534532353
14534532353
14534532353
14534532353
14534532353
14534532353
14534532353
14534532353
14534532353
14534532353
14534532353
14534532353
14534532353
14534532353
