-----------------------------------------------
 A    C    D    F    G    H    I    J    I    L 
-----------------------------------------------
 1    8    8    8    3   11                   0 
 2    6   14   14    5   19                   0 
 3    9   23   23    6   29                   0 
 4    2   25                  25    5   30    0 
 5    4   29   29    1   30                   0 
 6    4   33   33    3   36                   0 
 7    8   41   41    3   44                   0 
 8    1   42                  42    2   44    0 
 9    1   43   44    1   45                   1 
10    2   45   45    2   47                   1 
11    5   50   50    3   53                   1 
12    4   54   54    1   55                   1 
13   10   64   64    4   68                   1 
14    8   72   72    5   77                   1 
15    1   73                  73    6   79    1 
16    4   77   77    6   83                   1 
17    5   82                  82    2   84    1 
18    2   84   84    5   89                   1 
19    1   85                  85    4   89    1 
20    9   94   94    1   95                   1 
-----------------------------------------------
                    49             19        12
-----------------------------------------------

Over the 95-minute period Able was busy 51.58% of the time.
Baker was busy only 20.00% of the time.
